entering temp_line1
*#XS Ineff= 2 ,-1 
*
*   15.86   40.53 5381.96  174.14  220.365390.551
*
*Permanent Ineff=
*
*       F       F
*
leaving temp_line1

XS ID: 534
2
-1
[(0, 6.59, 5311.736), (103.48, 111.72, 5312.079)]

XS ID: 414
1
-1
[(0, 4.25, 5310.172)]

XS ID: 283
1
-1
[(103.12, 110.18, 5309.712)]

XS ID: 179
2
-1
[(0, 4.25, 5307.514), (102.36, 107.62, 5309.16)]

XS ID: 75
2
-1
[(0, 5.36, 5306.076), (107.4, 114.57, 5308.165)]

XS ID: 41
2
-1
[(0, 5.08, 5305.103), (127.95, 134.67, 5308.04)]

XS ID: 775
1
-1
[(68, 80.47, 5541.589)]

XS ID: 701
None
None
[]

XS ID: 597
4
-1
[(177.18, 191.62, 5532.833), (208.84, 232.18, 5533.252), (104.54, 147.85, 5532.765), (28.3, 52.74, 5534.811)]

XS ID: 523
None
None
[]

XS ID: 416
1
-1
[(0, 18.42, 5524.842)]

XS ID: 308
1
-1
[(0, 36.09, 5517.303)]

XS ID: 222
3
-1
[(286.11, 315.02, 5513.18), (231.54, 269.94, 5510.334), (136.26, 160.25, 5511.322)]

XS ID: 150
1
-1
[(52.04, 74.88, 5507.011)]

XS ID: 105
None
None
[]

XS ID: 488
2
-1
[(0, 4.34, 5310.159), (102.91, 113.08, 5308.347)]

XS ID: 406
2
-1
[(94.48, 98.75, 5306.993), (0, 4.61, 5308.273)]

XS ID: 278
2
-1
[(0, 5.23, 5304.902), (102.43, 108.5, 5304.711)]

XS ID: 195
1
-1
[(100.07, 107.7, 5303.273)]

XS ID: 109
2
-1
[(98.27, 105.03, 5302.129), (0, 5.65, 5302.706)]

XS ID: 41
2
-1
[(109.14, 113.86, 5302.759), (0, 4.62, 5302.879)]

XS ID: 875
2
-1
[(0, 8.04, 5322.835), (129.55, 137.06, 5321.113)]

XS ID: 758
2
-1
[(0, 6.38, 5320.613), (124.4, 130.06, 5318.911)]

XS ID: 643
2
-1
[(0, 6.26, 5319.165), (127.51, 133, 5316.72)]

XS ID: 556
2
-1
[(0, 8.7, 5317.484), (124.35, 134.17, 5315.299)]

XS ID: 471
2
-1
[(113.9, 122.4, 5315.049), (0, 6.78, 5315.34)]

XS ID: 373
2
-1
[(118.39, 123.58, 5313.8), (0, 6.71, 5313.487)]

XS ID: 226
2
-1
[(116.39, 125.34, 5312.29), (0, 6.55, 5311.928)]

XS ID: 68
2
-1
[(114.54, 121.22, 5311.001), (0, 7.4, 5310.373)]

XS ID: 237
2
-1
[(98.21, 105.04, 5291.523), (0, 12.81, 5290.425)]

XS ID: 99
2
-1
[(68.62, 92.38, 5289.48), (0, 14.51, 5290.36)]

XS ID: 20
1
-1
[(46.09, 56.84, 5289.64)]

XS ID: 6245
2
-1
[(81.75, 85.45, 5766.6), (90.55, 94.25, 5766.6)]

XS ID: 6113
None
None
[]

XS ID: 5998
None
None
[]

XS ID: 5866
None
None
[]

XS ID: 5672
None
None
[]

XS ID: 5527
None
None
[]

XS ID: 5322
None
None
[]

XS ID: 5194
None
None
[]

XS ID: 5080
None
None
[]

XS ID: 4910
None
None
[]

XS ID: 4793
None
None
[]

XS ID: 4671
None
None
[]

XS ID: 4538
None
None
[]

XS ID: 4422
None
None
[]

XS ID: 4278
2
-1
[(0, 10.47, 5630.757), (123.03, 137.02, 5629.295)]

XS ID: 4197
None
None
[]

XS ID: 4054
2
-1
[(81.82, 108.36, 5613.007), (0, 38.05, 5615.047)]

XS ID: 3929
1
-1
[(0, 8.78, 5603.628)]

XS ID: 3809
1
-1
[(126.84, 137.48, 5589.515)]

XS ID: 3709
3
-1
[(135.16, 156.2, 5582.423), (61.7, 89.54, 5587.047), (0, 39.45, 5588.7)]

XS ID: 3599
1
-1
[(179.81, 195.2, 5576.441)]

XS ID: 3480
1
-1
[(133.68, 145.11, 5568.868)]

XS ID: 3360
3
-1
[(60.94, 81.19, 5558.24), (0, 9.79, 5558.5), (276.99, 284.68, 5561.726)]

XS ID: 3283
None
None
[]

XS ID: 3215
2
-1
[(102.94, 113.26, 5549.719), (0, 7.29, 5551.595)]

XS ID: 3070
2
-1
[(103.71, 109.22, 5540.053), (0, 8.07, 5540.93)]

XS ID: 2972
2
-1
[(94.88, 102.13, 5533.406), (0, 6.87, 5533.358)]

XS ID: 2864
2
-1
[(99.17, 107.69, 5528.662), (0, 4.05, 5525.972)]

XS ID: 2764
2
-1
[(120.66, 128.93, 5522.84), (0, 5.13, 5520.123)]

XS ID: 2623
1
-1
[(0, 5.79, 5510.861)]

XS ID: 2533
2
-1
[(124.44, 128.93, 5505.204), (0, 4.21, 5504.882)]

XS ID: 2415
2
-1
[(130.94, 136.51, 5497.588), (0, 4.74, 5498.67)]

XS ID: 2284
2
-1
[(116.65, 125.41, 5488.93), (0, 4.74, 5490.387)]

XS ID: 2182
2
-1
[(118.33, 119.54, 5486.349), (0, 2.58, 5483.888)]

XS ID: 2039
2
-1
[(129.21, 133.53, 5476.62), (0, 4.74, 5476.913)]

XS ID: 1926
1
-1
[(0, 5.22, 5470.995)]

XS ID: 1839
2
-1
[(113.32, 118.36, 5465.484), (0, 5.26, 5467.07)]

XS ID: 1764
2
-1
[(105.74, 116.29, 5460.509), (0, 11.85, 5462.076)]

XS ID: 1651
2
-1
[(121.68, 127.93, 5454.605), (0, 6.94, 5456.693)]

XS ID: 1536
2
-1
[(118.65, 126.91, 5449.493), (0, 6.2, 5450.348)]

XS ID: 1413
2
-1
[(0, 5.49, 5445.657), (117.71, 122.86, 5444.368)]

XS ID: 1280
2
-1
[(111.66, 117.3, 5440.692), (0, 6.74, 5440.718)]

XS ID: 1194
2
-1
[(115.12, 123.37, 5437.207), (0, 5.12, 5437.71)]

XS ID: 1053
2
-1
[(110.5, 116.29, 5432.482), (0, 6.33, 5431.615)]

XS ID: 915
2
-1
[(81.28, 88.48, 5428.762), (0, 5.89, 5428.252)]

XS ID: 799
None
None
[]

XS ID: 732
2
-1
[(100.24, 107.2, 5422.283), (0, 8.98, 5422.117)]

XS ID: 599
2
-1
[(129.73, 134.52, 5417.108), (0, 4.18, 5416.454)]

XS ID: 481
2
-1
[(120.4, 127.41, 5412.333), (0, 6.24, 5412.563)]

XS ID: 367
2
-1
[(115.51, 120.35, 5408.331), (0, 7.42, 5408.188)]

XS ID: 289
2
-1
[(107.62, 111.25, 5406.346), (0, 8.5, 5405.213)]

XS ID: 219
2
-1
[(0, 6.55, 5402.333), (116.4, 123.49, 5401.708)]

XS ID: 122
1
-1
[(128.25, 137.05, 5400.432)]

XS ID: 818
2
-1
[(121.44, 127.71, 5420.09), (0, 6.94, 5417.534)]

XS ID: 748
2
-1
[(118.3, 127.32, 5415.418), (0, 10.68, 5416.314)]

XS ID: 655
1
-1
[(0, 5.85, 5411.576)]

XS ID: 564
1
-1
[(0, 11.71, 5408.991)]

XS ID: 474
2
-1
[(118.29, 123.76, 5409.803), (0, 5.97, 5407.413)]

XS ID: 364
1
-1
[(0, 8.87, 5404.469)]

XS ID: 251
1
-1
[(0, 9.99, 5401.692)]

XS ID: 185
1
-1
[(0, 10.88, 5401.284)]

XS ID: 88
1
-1
[(0, 7.18, 5401.077)]

XS ID: 289
2
-1
[(0, 13.99, 5453.068), (93.79, 116.23, 5449.861)]

XS ID: 219
2
-1
[(0, 18.25, 5450.07), (128.99, 151.97, 5448.924)]

XS ID: 167
2
-1
[(0, 11.47, 5449.896), (152.82, 160.55, 5444.401)]

XS ID: 76
2
-1
[(0, 14.66, 5447.142), (109.74, 128.36, 5443.261)]

XS ID: 1563
2
-1
[(0, 6.72, 5315.528), (126.34, 133.58, 5314.793)]

XS ID: 1445
2
-1
[(0, 7.1, 5314.881), (124.1, 129.46, 5311.925)]

XS ID: 1311
2
-1
[(0, 6.44, 5313.525), (113.81, 120.64, 5311.672)]

XS ID: 1193
2
-1
[(0, 5.89, 5311.747), (122.18, 132.26, 5310.236)]

XS ID: 1124
2
-1
[(0, 6.47, 5311.818), (167.76, 177.89, 5310.22)]

XS ID: 1036
2
-1
[(0, 6.25, 5309.472), (107.21, 113.43, 5309.913)]

XS ID: 934
2
-1
[(0, 6.26, 5307.971), (106.1, 114.31, 5308.1)]

XS ID: 801
2
-1
[(0, 6.7, 5306.254), (105.44, 113.89, 5306.284)]

XS ID: 698
2
-1
[(0, 6.62, 5304.922), (106.07, 112.54, 5304.817)]

XS ID: 593
2
-1
[(0, 6.3, 5303.522), (104.11, 109.88, 5303.839)]

XS ID: 502
2
-1
[(0, 5.04, 5302.276), (102.43, 107.69, 5303.075)]

XS ID: 422
2
-1
[(0, 4.69, 5302.155), (101.25, 108.13, 5302.638)]

XS ID: 308
2
-1
[(0, 6.46, 5301.417), (103.66, 109.89, 5302.358)]

XS ID: 224
2
-1
[(0, 6.49, 5300.976), (105.35, 112.1, 5301.097)]

XS ID: 129
2
-1
[(0, 9.83, 5299.334), (112.41, 120.24, 5300.445)]

XS ID: 76
2
-1
[(107.06, 113.42, 5300.931), (0, 7.71, 5299.157)]

XS ID: 3674
1
-1
[(92.68, 113.48, 5650.181)]

XS ID: 3575
None
None
[]

XS ID: 3459
2
-1
[(84, 85.2, 5606.8), (86.8, 88, 5606.8)]

XS ID: 3268
1
-1
[(85.56, 148.42, 5608.312)]

XS ID: 3179
1
-1
[(0, 54.2, 5619.255)]

XS ID: 3083
1
-1
[(0, 16.39, 5608.163)]

XS ID: 2990
1
-1
[(0, 45.16, 5588.963)]

XS ID: 2938
2
-1
[(81, 81.75, 5574.27), (84.25, 85, 5574.27)]

XS ID: 2900
1
-1
[(0, 20.3, 5589.15)]

XS ID: 2821
1
-1
[(0, 10.02, 5581.835)]

XS ID: 2724
1
-1
[(0, 7.78, 5578.36)]

XS ID: 2628
1
-1
[(60.18, 97.94, 5567.435)]

XS ID: 2504
2
-1
[(136.34, 202.58, 5557.827), (0, 6.72, 5562.085)]

XS ID: 2444
2
-1
[(123.43, 153.32, 5552.633), (0, 7.8, 5550.322)]

XS ID: 2396
None
None
[]

XS ID: 2330
1
-1
[(0, 4.62, 5544.283)]

XS ID: 2268
None
None
[]

XS ID: 2175
None
None
[]

XS ID: 2018
None
None
[]

XS ID: 1873
None
None
[]

XS ID: 1733
None
None
[]

XS ID: 1621
1
-1
[(0, 11.43, 5498.995)]

XS ID: 1514
2
-1
[(0, 6.55, 5495.607), (99.13, 113.85, 5496.796)]

XS ID: 1419
1
-1
[(0, 7.45, 5490.899)]

XS ID: 1320
None
None
[]

XS ID: 1221
1
-1
[(77.31, 89.55, 5482.813)]

XS ID: 1079
2
-1
[(73.61, 82.95, 5476.517), (0, 6.28, 5476.881)]

XS ID: 981
1
-1
[(62.42, 70.3, 5472.07)]

XS ID: 873
None
None
[]

XS ID: 771
None
None
[]

XS ID: 665
2
-1
[(84.39, 93.1, 5457.479), (0, 7.43, 5458.625)]

XS ID: 561
1
-1
[(0, 3.24, 5452.761)]

XS ID: 435
1
-1
[(0, 3.17, 5449.19)]

XS ID: 311
1
-1
[(0, 6.22, 5443.862)]

XS ID: 215
2
-1
[(85.41, 91.77, 5443.176), (0, 6.43, 5441.138)]

XS ID: 82
1
-1
[(0, 3.64, 5437.101)]

XS ID: 11882
None
None
[]

XS ID: 11713
None
None
[]

XS ID: 11673
2
-1
[(0, 16.18, 5453.25), (47.36, 73.42, 5453.502)]

XS ID: 11613
1
-1
[(0, 23.47, 5452.107)]

XS ID: 11524
None
None
[]

XS ID: 11457
1
-1
[(0, 7.4, 5446.445)]

XS ID: 11364
1
-1
[(0, 54.96, 5443.595)]

XS ID: 11272
None
None
[]

XS ID: 11185
1
-1
[(0, 27.74, 5437.592)]

XS ID: 11110
2
-1
[(145, 146.75, 5418.84), (150.25, 152, 5418.84)]

XS ID: 11049
None
None
[]

XS ID: 10981
1
-1
[(0, 5.08, 5435.67)]

XS ID: 10910
2
-1
[(91, 98, 5413.5), (107, 115, 5413)]

XS ID: 10873
1
-1
[(115.49, 147.03, 5421.767)]

XS ID: 10826
None
None
[]

XS ID: 10778
3
-1
[(100, 107, 5409.36), (114, 119, 5409.36), (120.96, 163.21, 5420.72)]

XS ID: 10745
1
-1
[(135.31, 163.03, 5421.086)]

XS ID: 10722
2
-1
[(85, 85.9, 5406.88), (90.1, 91, 5406.88)]

XS ID: 10655
None
None
[]

XS ID: 10616
2
-1
[(101.24, 114.55, 5417.347), (0, 30.19, 5422.854)]

XS ID: 10560
2
-1
[(93.99, 123.8, 5415.758), (0, 24.78, 5421.806)]

XS ID: 10488
2
-1
[(0, 17.89, 5417.339), (97.52, 115.82, 5416.963)]

XS ID: 10421
2
-1
[(0, 8.93, 5413.648), (133.85, 147.45, 5414.791)]

XS ID: 10317
2
-1
[(0, 10.95, 5411.569), (99.47, 114.21, 5411.507)]

XS ID: 10238
2
-1
[(0, 5.9, 5408.052), (113.4, 133.77, 5407.024)]

XS ID: 10168
2
-1
[(0, 6.78, 5408.103), (141.57, 159.82, 5406.823)]

XS ID: 10073
2
-1
[(0, 38.05, 5401.686), (151.15, 158.31, 5404.232)]

XS ID: 9997
2
-1
[(0, 66.73, 5400.471), (157.14, 184.09, 5398.708)]

XS ID: 9943
3
-1
[(137.72, 163.58, 5400.174), (0, 13.29, 5400.333), (35.71, 41.92, 5399.618)]

XS ID: 9894
2
-1
[(116, 116.55, 5390.59), (137.45, 138, 5390.59)]

XS ID: 9794
None
None
[]

XS ID: 9780
None
None
[]

XS ID: 9710
1
-1
[(0, 18.57, 5390.761)]

XS ID: 9586
2
-1
[(0, 17.48, 5390.461), (226.02, 251.36, 5388.129)]

XS ID: 9444
2
-1
[(0, 60.07, 5388.875), (261.26, 274.35, 5384.201)]

XS ID: 9304
2
-1
[(0, 30.62, 5388.202), (265.73, 292.8, 5384.146)]

XS ID: 9270
2
-1
[(0, 8.5, 5386.73), (312.6, 341.06, 5383.959)]

XS ID: 9246
1
-1
[(0, 11.65, 5386.686)]

XS ID: 9234
1
-1
[(0, 15.16, 5386.543)]

XS ID: 9194
3
-1
[(0, 16.67, 5383.154), (84, 84.5, 5367.57), (103.5, 104, 5367.57)]

XS ID: 9109
None
None
[]

XS ID: 9076
1
-1
[(170.41, 187.4, 5380.589)]

XS ID: 9041
1
-1
[(102.79, 118.08, 5379.353)]

XS ID: 9001
1
-1
[(91.11, 120.38, 5378.976)]

XS ID: 8937
1
-1
[(97.91, 160.06, 5378.992)]

XS ID: 8873
3
-1
[(44, 45.5, 5362.91), (63.5, 65, 5362.91), (199.49, 209.35, 5378.321)]

XS ID: 8713
None
None
[]

XS ID: 8654
1
-1
[(0, 45.63, 5370.777)]

XS ID: 8576
None
None
[]

XS ID: 7996
None
None
[]

XS ID: 7989
None
None
[]

XS ID: 7984
None
None
[]

XS ID: 7934
2
-1
[(189.07, 263.39, 5352.617), (366.11, 370.29, 5355.84)]

XS ID: 7890
2
-1
[(107.9, 200.41, 5351.291), (340.12, 349.53, 5356.336)]

XS ID: 7839
1
-1
[(105.85, 132.33, 5350.947)]

XS ID: 7705
1
-1
[(98.14, 162.07, 5345.512)]

XS ID: 7651
1
-1
[(88, 134, 5334.43)]

XS ID: 7639
1
-1
[(0, 5.92, 5347.344)]

XS ID: 7622
2
-1
[(72.5, 73.9, 5333.21), (86.1, 87.5, 5333.21)]

XS ID: 7566
None
None
[]

XS ID: 7478
1
-1
[(168.64, 192.96, 5335.783)]

XS ID: 7416
2
-1
[(0, 11.1, 5338.437), (220.62, 241.39, 5337.691)]

XS ID: 7318
2
-1
[(0, 17, 5337.711), (176.77, 186.7, 5339.114)]

XS ID: 7259
1
-1
[(0, 36.8, 5340.392)]

XS ID: 7240
4
-1
[(0, 18.19, 5340.028), (22.06, 22.4, 5339.983), (154, 156, 5324), (163.5, 165.5, 5324)]

XS ID: 7216
2
-1
[(0, 5.83, 5340.082), (271.61, 285.2, 5333.336)]

XS ID: 7189
2
-1
[(0, 35.41, 5334.001), (288.68, 299.88, 5333.768)]

XS ID: 7118
2
-1
[(0, 11.69, 5333.791), (247.96, 267.77, 5333.319)]

XS ID: 7040
2
-1
[(0, 17.64, 5332.137), (226.1, 236.93, 5335.759)]

XS ID: 6958
2
-1
[(278.41, 292.81, 5330.182), (0, 14.46, 5332.128)]

XS ID: 6889
2
-1
[(180.26, 225.66, 5329.309), (0, 13.75, 5331.768)]

XS ID: 6781
2
-1
[(0, 11.82, 5331.695), (206.09, 218.72, 5332.322)]

XS ID: 6719
2
-1
[(0, 8.96, 5328.069), (112.66, 142.45, 5326.467)]

XS ID: 6704
3
-1
[(105.85, 125.7, 5326.484), (40, 52, 5312.5), (69, 80, 5314)]

XS ID: 6685
1
-1
[(106.85, 117.9, 5326.562)]

XS ID: 6666
2
-1
[(0, 8.87, 5323.373), (99.39, 106.99, 5326.563)]

XS ID: 6636
2
-1
[(0, 15.44, 5323.121), (99.9, 105.79, 5326.596)]

XS ID: 6605
2
-1
[(39.12, 40.32, 5309.09), (45.92, 47.12, 5309.09)]

XS ID: 6532
None
None
[]

XS ID: 6479
2
-1
[(0, 9.45, 5321.154), (89.99, 101.49, 5322.959)]

XS ID: 6423
None
None
[]

XS ID: 6330
2
-1
[(0, 4.27, 5320.929), (218.42, 228.03, 5327.098)]

XS ID: 6254
1
-1
[(0, 2.44, 5317.744)]

XS ID: 6158
1
-1
[(0, 9.65, 5313.042)]

XS ID: 6087
3
-1
[(0, 4.83, 5312.818), (143, 156, 5305), (173, 184, 5305)]

XS ID: 6060
1
-1
[(0, 3.34, 5312.638)]

XS ID: 6023
2
-1
[(0, 6.71, 5312.079), (44.04, 71.98, 5311.31)]

XS ID: 5935
2
-1
[(0, 7.37, 5311.181), (190.88, 196.9, 5321.041)]

XS ID: 5845
3
-1
[(0, 7.67, 5311.059), (216.95, 223.68, 5320.622), (129.32, 140.63, 5314.485)]

XS ID: 5788
2
-1
[(0, 4.56, 5310.803), (194.06, 201.51, 5315.534)]

XS ID: 5737
3
-1
[(109, 109.8, 5296.8), (116.2, 117, 5296.8), (192.39, 201.36, 5313.311)]

XS ID: 5656
2
-1
[(0, 8.66, 5308.066), (189.79, 195.52, 5313.237)]

XS ID: 5602
2
-1
[(0, 17.27, 5307.27), (31.77, 64.62, 5307.243)]

XS ID: 5536
2
-1
[(97.67, 111.8, 5306.896), (0, 22.47, 5305.591)]

XS ID: 5469
2
-1
[(188.8, 193.75, 5310.046), (0, 13.1, 5305.013)]

XS ID: 5380
2
-1
[(0, 5.96, 5303.63), (169.75, 201.8, 5302.418)]

XS ID: 5285
2
-1
[(187.75, 202.65, 5301.716), (0, 9.28, 5301.969)]

XS ID: 5190
2
-1
[(95.14, 143.86, 5300.154), (0, 9.62, 5301.368)]

XS ID: 5099
3
-1
[(0, 6.14, 5300.669), (63.5, 64.7, 5287), (75.3, 76.5, 5287)]

XS ID: 5039
1
-1
[(128.09, 148.42, 5300.745)]

XS ID: 4999
2
-1
[(87.45, 110, 5300.419), (0, 21.01, 5298.034)]

XS ID: 4911
2
-1
[(121.69, 132.18, 5297.754), (0, 4.87, 5297.14)]

XS ID: 4848
2
-1
[(144.95, 155.59, 5297.212), (0, 5.83, 5296.24)]

XS ID: 4748
5
-1
[(46.76, 67.34, 5301.746), (108.82, 130.37, 5301.134), (164.56, 182.4, 5299.99), (581.25, 632.38, 5295.755), (749.81, 771.14, 5294.88)]

XS ID: 4662
10
-1
[(0, 9.22, 5302.245), (21.36, 59.11, 5300.726), (95.47, 134.52, 5299.907), (149.12, 183, 5298.483), (227.28, 261.29, 5298.062), (294.95, 331.06, 5298.173), (356.11, 404.94, 5296.806), (484.66, 495.71, 5295.517), (599.05, 641.95, 5295.829), (761.42, 776.78, 5293.955)]

XS ID: 4594
3
-1
[(513.5, 515.3, 5280.78), (524.7, 526.5, 5280.78), (727.96, 747.76, 5294.367)]

XS ID: 4511
2
-1
[(0, 6.42, 5295.073), (367.27, 382.54, 5294.176)]

XS ID: 4489
2
-1
[(0, 13, 5293.772), (261.03, 272.84, 5294.174)]

XS ID: 4448
4
-1
[(0, 16.21, 5293.708), (67.5, 69.3, 5279.61), (78.7, 80.5, 5279.61), (220.1, 228.92, 5294.298)]

XS ID: 4364
None
None
[]

XS ID: 4252
4
-1
[(0, 12.6, 5291.464), (143.95, 191.32, 5292.798), (272.1, 306.83, 5292.98), (517.83, 531.15, 5290.504)]

XS ID: 4139
2
-1
[(0, 13.07, 5291.838), (178, 325.63, 5290.044)]

XS ID: 4009
None
None
[]

XS ID: 3940
None
None
[]

XS ID: 3882
1
-1
[(255.38, 262.19, 5289.334)]

XS ID: 3812
1
-1
[(222.69, 234.8, 5288.7)]

XS ID: 3722
None
None
[]

XS ID: 3629
3
-1
[(79.6, 80.1, 5268.05), (99.9, 100.4, 5268.23), (205.26, 213.58, 5286.854)]

XS ID: 3428
None
None
[]

XS ID: 3385
1
-1
[(0, 8.43, 5285.373)]

XS ID: 3336
1
-1
[(0, 10.7, 5281.282)]

XS ID: 3234
None
None
[]

XS ID: 3126
2
-1
[(0, 9.72, 5278.348), (511.95, 520.26, 5274.765)]

XS ID: 3022
2
-1
[(0, 10.11, 5278.279), (499.63, 510.98, 5274.855)]

XS ID: 2906
None
None
[]

XS ID: 2794
None
None
[]

XS ID: 2740
None
None
[]

XS ID: 2688
None
None
[]

XS ID: 2638
None
None
[]

XS ID: 2591
None
None
[]

XS ID: 2560
None
None
[]

XS ID: 2541
None
None
[]

XS ID: 2445
None
None
[]

XS ID: 2388
None
None
[]

XS ID: 2342
None
None
[]

XS ID: 2280
None
None
[]

XS ID: 2184
None
None
[]

XS ID: 2084
None
None
[]

XS ID: 2034
None
None
[]

XS ID: 1982
None
None
[]

XS ID: 1918
None
None
[]

XS ID: 1802
None
None
[]

XS ID: 1675
None
None
[]

XS ID: 1572
None
None
[]

XS ID: 1473
None
None
[]

XS ID: 1373
None
None
[]

XS ID: 1273
None
None
[]

XS ID: 1173
None
None
[]

XS ID: 1073
None
None
[]

XS ID: 975
None
None
[]

XS ID: 875
None
None
[]

XS ID: 779
None
None
[]

XS ID: 680
None
None
[]

XS ID: 579
None
None
[]

XS ID: 480
None
None
[]

XS ID: 378
None
None
[]

XS ID: 286
None
None
[]

XS ID: 109
None
None
[]

XS ID: 25
None
None
[]

XS ID: 4014
1
-1
[(283.53, 297.3, 5375.12)]

XS ID: 3824
1
-1
[(336.9, 347.79, 5371.334)]

XS ID: 3574
2
-1
[(312.33, 316.36, 5369.563), (169.19, 194.92, 5368.708)]

XS ID: 3352
1
-1
[(112.65, 147, 5368.74)]

XS ID: 3174
2
0
[(0, 160, 5359), ('', 0, '')]

XS ID: 3053
None
None
[]

XS ID: 2972
2
-1
[(0, 10.22, 5357.311), (264.64, 287.89, 5354.784)]

XS ID: 2787
2
-1
[(0, 16.32, 5352.592), (81.74, 127.52, 5352.305)]

XS ID: 2637
2
-1
[(0, 36.04, 5350.045), (159.76, 208.85, 5352.348)]

XS ID: 2446
2
-1
[(0, 105.26, 5350.044), (390.9, 396.98, 5354.53)]

XS ID: 2276
2
-1
[(0, 7.81, 5352.413), (489.07, 497.58, 5354.526)]

XS ID: 2046
1
-1
[(409.26, 417, 5354.277)]

XS ID: 1838
1
-1
[(254.09, 291.78, 5354.337)]

XS ID: 1577
1
-1
[(263.02, 333.68, 5337.624)]

XS ID: 1354
1
-1
[(456.24, 470.7, 5344.719)]

XS ID: 1135
None
None
[]

XS ID: 965
None
None
[]

XS ID: 740
None
None
[]

XS ID: 610
None
None
[]

XS ID: 444
None
None
[]

XS ID: 276
1
-1
[(221.81, 236.51, 5332.451)]

XS ID: 346
2
-1
[(0, 9.39, 5295.354), (97.5, 160.79, 5293.78)]

XS ID: 240
2
-1
[(108.02, 177.38, 5292.873), (292.43, 314.82, 5291.28)]

XS ID: 165
3
-1
[(0, 10.38, 5294.474), (99.67, 171.3, 5292.468), (286.01, 299.81, 5291.144)]

XS ID: 43
3
-1
[(0, 27.13, 5295.189), (106.55, 163.29, 5291.638), (308.93, 325.12, 5289.871)]

XS ID: 1539
1
-1
[(0, 5.29, 5346.197)]

XS ID: 1456
1
-1
[(0, 9.07, 5346.958)]

XS ID: 1304
1
-1
[(200.77, 212.43, 5340.531)]

XS ID: 1197
2
-1
[(0, 10.63, 5343.914), (134.78, 148.29, 5340.256)]

XS ID: 1070
2
-1
[(0, 6.43, 5343.595), (168.39, 183.63, 5338.813)]

XS ID: 964
2
-1
[(0, 23.45, 5334.151), (130.19, 145.94, 5335.421)]

XS ID: 897
2
-1
[(0, 15.61, 5332.487), (170.45, 186.68, 5335.573)]

XS ID: 744
2
-1
[(0, 7.4, 5332.033), (166.32, 179.47, 5323.972)]

XS ID: 585
2
-1
[(0, 5.37, 5332.143), (165.08, 175.94, 5322.777)]

XS ID: 529
2
-1
[(0, 11.07, 5323.673), (149.99, 167.96, 5323.216)]

XS ID: 397
None
None
[]

XS ID: 245
1
-1
[(0, 10.46, 5318.537)]

XS ID: 94
2
-1
[(114.53, 123.57, 5317.629), (0, 11.61, 5315.668)]
347
WARNING: files are different!!!
